#--------------------------------------------------------------------------------------------------
C III Be-like atomic model
#--------------------------------------------------------------------------------------------------
Z           6
Element     C
nLevel      10
nLine       45
#
#           nTansition    nTemperature
CEparameter 45              9
END
#--------------------------------------------------------------------------------------------------
# Level information
# from : NIST database
#   Index	configuration		term	n	J	L	2S+1	g=2J+1	stage	E[eV]
    0 		1s2.2s2         	1S  	2	0  	0 	1 		1 		3		+0.0000000e+00
    1 		1s2.2s.2p       	3P  	2	0  	1 	3 		1 		3		+6.4926880e+00
    2 		1s2.2s.2p       	3P  	2	1  	1 	3 		3 		3		+6.4956250e+00
    3 		1s2.2s.2p       	3P  	2	2  	1 	3 		5 		3		+6.5026130e+00
    4 		1s2.2s.2p       	1P  	2	1  	1 	1 		3 		3		+1.2690036e+01
    5 		1s2.2p2         	3P  	2	0  	1 	3 		1 		3		+1.7038615e+01
    6 		1s2.2p2         	3P  	2	1  	1 	3 		3 		3		+1.7042173e+01
    7 		1s2.2p2         	3P  	2	2  	1 	3 		5 		3		+1.7048076e+01
    8 		1s2.2p2         	1D  	2	2  	2 	1 		5 		3		+1.8086335e+01
    9 		1s2.2p2         	1S  	2	0  	0 	1 		1 		3		+2.2629581e+01
END
#--------------------------------------------------------------------------------------------------
# Radiative Line transition parameters
# Aji from NIST database
# wavelength is calculated from "Level information" above
#   i   j		Wavelength[AA]		Aji[s^-1]
    0   1		1.90959701e+03		0.0000e+00
    0   2		1.90873359e+03		1.1400e+02
    0   3		1.90668238e+03		5.1900e-03
    0   4		9.77019892e+02		1.7670e+09
    0   5		7.27665811e+02		0.0000e+00
    0   6		7.27513892e+02		7.2100e-04
    0   7		7.27261985e+02		3.9200e-02
    0   8		6.85512991e+02		2.4000e+03
    0   9		5.47885425e+02		0.0000e+00
    1   2		4.22145645e+06		2.3900e-07
    1   3		1.24921084e+06		1.5000e-13
    1   4		2.00060051e+03		1.5000e-03
    1   5		1.17565934e+03		0.0000e+00
    1   6		1.17526283e+03		4.3850e+08
    1   7		1.17460558e+03		8.0300e-03
    1   8		1.06941479e+03		3.2500e-02
    1   9		7.68327435e+02		0.0000e+00
    2   3		1.77424408e+06		5.0900e-14
    2   4		2.00154907e+03		6.0100e-05
    2   5		1.17598685e+03		1.3130e+09
    2   6		1.17559012e+03		3.2870e+08
    2   7		1.17493250e+03		3.2930e+08
    2   8		1.06968577e+03		4.0700e+03
    2   9		7.68467300e+02		1.1400e+03
    3   4		2.00380960e+03		1.8700e-03
    3   5		1.17676682e+03		3.9200e-02
    3   6		1.17636956e+03		5.4680e+08
    3   7		1.17571107e+03		9.8560e+08
    3   8		1.07033107e+03		2.5300e+04
    3   9		7.68800285e+02		1.9800e-01
    4   5		2.85114232e+03		2.6700e+02
    4   6		2.84881142e+03		1.3800e+01
    4   7		2.84495269e+03		1.2200e+03
    4   8		2.29757795e+03		1.3760e+08
    4   9		1.24738281e+03		2.0820e+09
    5   6		3.48465925e+06		5.3100e-07
    5   7		1.31047644e+06		1.1000e-13
    5   8		1.18337128e+04		8.5600e-09
    5   9		2.21758058e+03		0.0000e+00
    6   7		2.10035873e+06		1.1600e-06
    6   8		1.18740364e+04		1.9800e-04
    6   9		2.21899271e+03		1.8500e-02
    7   8		1.19415460e+04		6.1000e-07
    7   9		2.22133951e+03		1.7300e-03
    8   9		2.72897783e+03		4.3900e+01
END
#--------------------------------------------------------------------------------------------------
# Collisional Excitation Rate
# type :
#       ECS -> Effective Collision Strength
#       CRC -> Collision Rate Coefficient
# Effective Collision Strengths (Omega_ij[-]) : Berrington et al, 1985
# Collision Rate : n_e * C_ij = n_e * ( 8.63e-6 * (Omega_ij*f1/f2) ) / (g_i * T_e^0.5) * e^(-dE_ji / (k*T_e))
Temperature     1.26e+04    2.00e+04    3.16e+04    5.01e+04    7.94e+04    1.26e+05    2.00e+05    3.16e+05    5.01e+05
#
#   i   j   type  1.26e+04    2.00e+04    3.16e+04    5.01e+04    7.94e+04    1.26e+05    2.00e+05    3.16e+05    5.01e+05    f1  f2
    0   1   ECS   1.04e+00    1.03e+00    1.03e+00    9.96e-01    9.16e-01    8.08e-01    6.92e-01    5.79e-01    4.73e-01    1   9
    0   2   ECS   1.04e+00    1.03e+00    1.03e+00    9.96e-01    9.16e-01    8.08e-01    6.92e-01    5.79e-01    4.73e-01    3   9
    0   3   ECS   1.04e+00    1.03e+00    1.03e+00    9.96e-01    9.16e-01    8.08e-01    6.92e-01    5.79e-01    4.73e-01    5   9
    0   4   ECS   4.00e+00    4.11e+00    4.24e+00    4.42e+00    4.65e+00    5.00e+00    5.50e+00    6.17e+00    7.01e+00    1   1
    0   5   ECS   1.66e-02    1.57e-02    1.47e-02    1.38e-02    1.30e-02    1.22e-02    1.12e-02    1.01e-02    8.70e-03    1   9
    0   6   ECS   1.66e-02    1.57e-02    1.47e-02    1.38e-02    1.30e-02    1.22e-02    1.12e-02    1.01e-02    8.70e-03    3   9
    0   7   ECS   1.66e-02    1.57e-02    1.47e-02    1.38e-02    1.30e-02    1.22e-02    1.12e-02    1.01e-02    8.70e-03    5   9
    0   8   ECS   4.01e-01    3.98e-01    3.94e-01    3.88e-01    3.79e-01    3.69e-01    3.57e-01    3.47e-01    3.34e-01    1   1
    0   9   ECS   3.77e-02    3.82e-02    3.89e-02    3.98e-02    4.10e-02    4.25e-02    4.42e-02    4.59e-02    4.71e-02    1   1
    1   2   ECS   9.62e-01    1.03e+00    1.09e+00    1.11e+00    1.06e+00    9.53e-01    8.15e-01    6.73e-01    5.41e-01    1   1
    1   3   ECS   7.18e-01    8.57e-01    1.01e+00    1.11e+00    1.09e+00    9.88e-01    8.43e-01    7.03e-01    5.88e-01    1   1
    1   4   ECS   3.70e+00    3.54e+00    3.29e+00    2.93e+00    2.50e+00    2.07e+00    1.68e+00    1.38e+00    1.20e+00    1   1
    1   5   ECS   4.61e-02    4.51e-02    4.40e-02    4.27e-02    4.11e-02    3.92e-02    3.66e-02    3.32e-02    2.91e-02    1   1
    1   6   ECS   1.87e+00    1.92e+00    2.01e+00    2.12e+00    2.27e+00    2.47e+00    2.73e+00    3.07e+00    3.49e+00    1   1
    1   7   ECS   1.01e-01    9.71e-02    9.24e-02    8.73e-02    8.18e-02    7.57e-02    6.87e-02    6.10e-02    5.27e-02    1   1
    1   8   ECS   1.39e+00    1.36e+00    1.33e+00    1.27e+00    1.20e+00    1.10e+00    9.74e-01    8.36e-01    6.84e-01    1   1
    1   9   ECS   1.34e-01    1.34e-01    1.31e-01    1.26e-01    1.18e-01    1.08e-01    9.63e-02    8.33e-02    6.97e-02    1   1
    2   3   ECS   2.78e+00    3.17e+00    3.60e+00    3.83e+00    3.74e+00    3.37e+00    2.88e+00    2.39e+00    1.97e+00    1   1
    2   4   ECS   3.70e+00    3.54e+00    3.29e+00    2.93e+00    2.50e+00    2.07e+00    1.68e+00    1.38e+00    1.20e+00    1   1
    2   5   ECS   1.88e+00    1.93e+00    2.01e+00    2.12e+00    2.27e+00    2.47e+00    2.72e+00    3.05e+00    3.45e+00    1   1
    2   6   ECS   1.61e+00    1.65e+00    1.71e+00    1.78e+00    1.89e+00    2.03e+00    2.21e+00    2.45e+00    2.75e+00    1   1
    2   7   ECS   2.57e+00    2.63e+00    2.72e+00    2.85e+00    3.02e+00    3.26e+00    3.57e+00    3.98e+00    4.49e+00    1   1
    2   8   ECS   1.39e+00    1.36e+00    1.33e+00    1.27e+00    1.20e+00    1.10e+00    9.74e-01    8.36e-01    6.84e-01    1   1
    2   9   ECS   1.34e-01    1.34e-01    1.31e-01    1.26e-01    1.18e-01    1.08e-01    9.63e-02    8.33e-02    6.97e-02    1   1
    3   4   ECS   3.70e+00    3.54e+00    3.29e+00    2.93e+00    2.50e+00    2.07e+00    1.68e+00    1.38e+00    1.20e+00    1   1
    3   5   ECS   1.01e-01    9.71e-02    9.24e-02    8.74e-02    8.19e-02    7.57e-02    6.87e-02    6.10e-02    5.28e-02    1   1
    3   6   ECS   2.58e+00    2.64e+00    2.72e+00    2.85e+00    3.03e+00    3.26e+00    3.57e+00    3.98e+00    4.49e+00    1   1
    3   7   ECS   7.45e+00    7.65e+00    7.94e+00    8.33e+00    8.87e+00    9.60e+00    1.06e+01    1.18e+01    1.33e+01    1   1
    3   8   ECS   1.39e+00    1.36e+00    1.33e+00    1.27e+00    1.20e+00    1.10e+00    9.74e-01    8.36e-01    6.84e-01    1   1
    3   9   ECS   1.34e-01    1.34e-01    1.31e-01    1.26e-01    1.18e-01    1.08e-01    9.63e-02    8.33e-02    6.97e-02    1   1
    4   5   ECS   1.60e+00    1.44e+00    1.28e+00    1.13e+00    9.80e-01    8.44e-01    7.18e-01    5.98e-01    4.86e-01    1   9
    4   6   ECS   1.60e+00    1.44e+00    1.28e+00    1.13e+00    9.80e-01    8.44e-01    7.18e-01    5.98e-01    4.86e-01    3   9
    4   7   ECS   1.60e+00    1.44e+00    1.28e+00    1.13e+00    9.80e-01    8.44e-01    7.18e-01    5.98e-01    4.86e-01    5   9
    4   8   ECS   1.14e+01    1.16e+01    1.20e+01    1.25e+01    1.32e+01    1.42e+01    1.55e+01    1.72e+01    1.90e+01    1   1
    4   9   ECS   3.57e+00    3.62e+00    3.70e+00    3.83e+00    4.04e+00    4.34e+00    4.79e+00    5.46e+00    6.45e+00    1   1
    5   6   ECS   8.44e-01    8.09e-01    7.71e-01    7.30e-01    6.83e-01    6.27e-01    5.63e-01    4.92e-01    4.16e-01    1   1
    5   7   ECS   4.97e-01    4.76e-01    4.54e-01    4.35e-01    4.16e-01    3.97e-01    3.79e-01    3.61e-01    3.45e-01    1   1
    5   8   ECS   3.84e+00    3.79e+00    3.70e+00    3.56e+00    3.35e+00    3.08e+00    2.76e+00    2.40e+00    2.02e+00    1   1
    5   9   ECS   3.64e-01    3.65e-01    3.58e-01    3.45e-01    3.32e-01    2.93e-01    2.57e-01    2.16e-01    1.73e-01    1   1
    6   7   ECS   2.16e+00    2.07e+00    1.98e+00    1.89e+00    1.79e+00    1.68e+00    1.55e+00    1.42e+00    1.28e+00    1   1
    6   8   ECS   3.84e+00    3.79e+00    3.70e+00    3.56e+00    3.35e+00    3.08e+00    2.76e+00    2.40e+00    2.02e+00    1   1
    6   9   ECS   3.64e-01    3.65e-01    3.58e-01    3.45e-01    3.32e-01    2.93e-01    2.57e-01    2.16e-01    1.73e-01    1   1
    7   8   ECS   3.84e+00    3.79e+00    3.70e+00    3.56e+00    3.35e+00    3.08e+00    2.76e+00    2.40e+00    2.02e+00    1   1
    7   9   ECS   3.64e-01    3.65e-01    3.58e-01    3.45e-01    3.32e-01    2.93e-01    2.57e-01    2.16e-01    1.73e-01    1   1
    8   9   ECS   6.50e-01    6.57e-01    6.62e-01    6.67e-01    6.74e-01    6.85e-01    7.02e-01    7.29e-01    7.69e-01    1   1
END
#--------------------------------------------------------------------------------------------------
