#--------------------------------------------------------------------------------------------------
O V Be-like atomic model
#--------------------------------------------------------------------------------------------------
Z           8
Element     O
nLevel      10
nLine       45
#
#           nTansition    nTemperature
CEparameter 45              9
END
#--------------------------------------------------------------------------------------------------
# Level information
# from : NIST database
#   Index	configuration		term	n	J	L	2S+1	g=2J+1	stage	E[eV]
    0 		1s2.2s2         	1S  	2	0  	0 	1 		1 		3		+0.0000000e+00
    1 		1s2.2s.2p       	3P  	2	0  	1 	3 		1 		3		+1.0159580e+01
    2 		1s2.2s.2p       	3P  	2	1  	1 	3 		3 		3		+1.0176450e+01
    3 		1s2.2s.2p       	3P  	2	2  	1 	3 		5 		3		+1.0214480e+01
    4 		1s2.2s.2p       	1P  	2	1  	1 	1 		3 		3		+1.9688410e+01
    5 		1s2.2p2         	3P  	2	0  	1 	3 		1 		3		+2.6465980e+01
    6 		1s2.2p2         	3P  	2	1  	1 	3 		3 		3		+2.6485280e+01
    7 		1s2.2p2         	3P  	2	2  	1 	3 		5 		3		+2.6518610e+01
    8 		1s2.2p2         	1D  	2	2  	2 	1 		5 		3		+2.8729790e+01
    9 		1s2.2p2         	1S  	2	0  	0 	1 		1 		3		+3.5696330e+01
END
#--------------------------------------------------------------------------------------------------
# Radiative Line transition parameters
# Aji from NIST database
# wavelength is calculated from "Level information" above
#   i   j		Wavelength[AA]		Aji[s^-1]
    0		 1		1.22036714e+03		0.0000e+00
    0		 2		1.21834408e+03		2.3400e+03
    0		 3		1.21380801e+03		2.1700e-02
    0		 4		6.29731786e+02		2.8720e+09
    0		 5		4.68466220e+02		0.0000e+00
    0		 6		4.68124845e+02		3.6000e-02
    0		 7		4.67536481e+02		2.9900e-01
    0		 8		4.31552671e+02		2.9200e+03
    0		 9		3.47330317e+02		0.0000e+00
    1		 2		7.34938803e+05		4.5400e-05
    1		 3		2.25836386e+05		1.3400e-10
    1		 4		1.30114795e+03		6.7300e-02
    1		 5		7.60340578e+02		0.0000e+00
    1		 6		7.59441715e+02		7.3730e+08
    1		 7		7.57894423e+02		3.2000e-02
    1		 8		6.67650910e+02		1.3500e-01
    1		 9		4.85512745e+02		0.0000e+00
    2		 3		3.26016766e+05		4.7900e-11
    2		 4		1.30345561e+03		1.2600e-03
    2		 5		7.61128013e+02		2.1970e+09
    2		 6		7.60227288e+02		1.4800e-01
    2		 7		7.58676797e+02		1.0200e-05
    2		 8		6.68257985e+02		3.3100e+04
    2		 9		4.85833695e+02		2.0800e+04
    3		 4		1.30868790e+03		8.2700e-02
    3		 5		7.62909122e+02		1.3900e-01
    3		 6		7.62004179e+02		9.1250e+08
    3		 7		7.60446439e+02		1.6520e+09
    3		 8		6.69630571e+02		3.2200e+05
    3		 9		4.86558770e+02		9.3100e-01
    4		 5		1.82933081e+03		4.4200e+03
    4		 6		1.82413635e+03		3.1800e+02
    4		 7		1.81523493e+03		1.5100e+04
    4		 8		1.37129704e+03		3.3360e+08
    4		 9		7.74517714e+02		3.8040e+09
    5		 6		6.42405057e+05		6.7900e-05
    5		 7		2.35577002e+05		9.6400e-11
    5		 8		5.47679249e+03		1.1000e-07
    5		 9		1.34322291e+03		0.0000e+00
    6		 7		3.71989727e+05		2.6200e-04
    6		 8		5.52388610e+03		1.2100e-02
    6		 9		1.34603738e+03		7.7500e-01
    7		 8		5.60714985e+03		3.8600e-02
    7		 9		1.35092568e+03		2.2800e-02
    8		 9		1.77970953e+03		7.0800e+01
END
#--------------------------------------------------------------------------------------------------
# Collisional Excitation Rate
# type :
#       ECS -> Effective Collision Strength
#       CRC -> Collision Rate Coefficient
# Effective Collision Strengths (Omega_ij[-]) : Berrington et al, 1985
# Collision Rate : n_e * C_ij = n_e * ( 8.63E-6 * (Omega_ij*f1/f2) ) / (g_i * T_e^0.5) * e^(-dE_ji / (k*T_e))
Temperature     3.16e+04    5.01e+04    7.94e+04    1.26e+05    2.00e+05    3.16e+05    5.01e+05    7.94e+05    1.26e+06
#
#   i   j   type    3.16e+04    5.01e+04    7.94e+04    1.26e+05    2.00e+05    3.16e+05    5.01e+05    7.94e+05    1.26e+06    f1  f2
    0   1   ECS     5.98e-01    5.55e-01    5.02e-01    4.40e-01    3.76e-01    3.16e-01    2.63e-01    2.16e-01    1.74e-01    1   9
    0   2   ECS     5.98e-01    5.55e-01    5.02e-01    4.40e-01    3.76e-01    3.16e-01    2.63e-01    2.16e-01    1.74e-01    3   9
    0   3   ECS     5.98e-01    5.55e-01    5.02e-01    4.40e-01    3.76e-01    3.16e-01    2.63e-01    2.16e-01    1.74e-01    5   9
    0   4   ECS     2.73e+00    2.79e+00    2.85e+00    2.94e+00    3.06e+00    3.24e+00    3.49e+00    3.82e+00    4.21e+00    1   1
    0   5   ECS     1.26e-02    1.06e-02    9.07e-03    7.85e-03    6.86e-03    5.98e-03    5.13e-03    4.28e-03    3.44e-03    1   9
    0   6   ECS     1.26e-02    1.06e-02    9.07e-03    7.85e-03    6.86e-03    5.98e-03    5.13e-03    4.28e-03    3.44e-03    3   9
    0   7   ECS     1.26e-02    1.06e-02    9.07e-03    7.85e-03    6.86e-03    5.98e-03    5.13e-03    4.28e-03    3.44e-03    5   9
    0   8   ECS     1.17e-01    1.15e-01    1.12e-01    1.09e-01    1.05e-01    1.00e-01    9.54e-02    9.08e-02    8.70e-02    1   1
    0   9   ECS     1.76e-02    1.77e-02    1.78e-02    1.80e-02    1.81e-02    1.81e-02    1.79e-02    1.74e-02    1.68e-02    1   1
    1   2   ECS     8.70e-01    8.42e-01    7.76e-01    6.80e-01    5.71e-01    4.63e-01    3.68e-01    2.88e-01    2.22e-01    1   1
    1   3   ECS     1.05e+00    1.02e+00    9.38e-01    8.11e-01    6.63e-01    5.23e-01    4.07e-01    3.20e-01    2.58e-01    1   1
    1   4   ECS     1.58e+00    1.51e+00    1.36e+00    1.15e+00    9.54e-01    7.77e-01    6.26e-01    4.98e-01    3.89e-01    1   1
    1   5   ECS     1.97e-02    1.94e-02    1.88e-02    1.81e-02    1.70e-02    1.57e-02    1.41e-02    1.23e-02    1.03e-02    1   1
    1   6   ECS     1.41e+00    1.44e+00    1.46e+00    1.51e+00    1.57e+00    1.67e+00    1.79e+00    1.95e+00    2.13e+00    1   1
    1   7   ECS     3.31e-02    3.19e-02    3.05e-02    2.89e-02    2.70e-02    2.47e-02    2.21e-02    1.91e-02    1.61e-02    1   1
    1   8   ECS     4.59e-01    4.49e-01    4.34e-01    4.14e-01    3.88e-01    3.56e-01    3.20e-01    2.80e-01    2.38e-01    1   1
    1   9   ECS     4.61e-02    4.58e-02    4.51e-02    4.35e-02    4.10e-02    3.76e-02    3.32e-02    2.83e-02    2.30e-02    1   1
    2   3   ECS     3.32e+00    3.24e+00    2.98e+00    2.59e+00    2.14e+00    1.71e+00    1.35e+00    1.06e+00    8.52e-01    1   1
    2   4   ECS     1.58e+00    1.51e+00    1.36e+00    1.15e+00    9.54e-01    7.77e-01    6.26e-01    4.98e-01    3.89e-01    1   1
    2   5   ECS     1.41e+00    1.43e+00    1.46e+00    1.51e+00    1.58e+00    1.67e+00    1.79e+00    1.95e+00    2.13e+00    1   1
    2   6   ECS     1.14e+00    1.16e+00    1.18e+00    1.21e+00    1.25e+00    1.32e+00    1.40e+00    1.51e+00    1.64e+00    1   1
    2   7   ECS     1.84e+00    1.87e+00    1.90e+00    1.95e+00    2.03e+00    2.14e+00    2.29e+00    2.47e+00    2.69e+00    1   1
    2   8   ECS     4.59e-01    4.49e-01    4.34e-01    4.14e-01    3.88e-01    3.56e-01    3.20e-01    2.80e-01    2.38e-01    1   1
    2   9   ECS     4.61e-02    4.58e-02    4.51e-02    4.35e-02    4.10e-02    3.76e-02    3.32e-02    2.83e-02    2.30e-02    1   1
    3   4   ECS     1.58e+00    1.51e+00    1.36e+00    1.15e+00    9.54e-01    7.77e-01    6.26e-01    4.98e-01    3.89e-01    1   1
    3   5   ECS     3.31e-02    3.19e-02    3.05e-02    2.90e-02    2.70e-02    2.48e-02    2.21e-02    1.91e-02    1.61e-02    1   1
    3   6   ECS     1.84e+00    1.87e+00    1.90e+00    1.95e+00    2.03e+00    2.14e+00    2.29e+00    2.47e+00    2.69e+00    1   1
    3   7   ECS     5.45e+00    5.53e+00    5.64e+00    5.80e+00    6.04e+00    6.37e+00    6.82e+00    7.37e+00    8.03e+00    1   1
    3   8   ECS     4.59e-01    4.49e-01    4.34e-01    4.14e-01    3.88e-01    3.56e-01    3.20e-01    2.80e-01    2.38e-01    1   1
    3   9   ECS     4.61e-02    4.58e-02    4.51e-02    4.35e-02    4.10e-02    3.76e-02    3.32e-02    2.83e-02    2.30e-02    1   1
    4   5   ECS     6.17e-01    6.74e-01    5.53e-01    4.55e-01    3.78e-01    3.13e-01    2.57e-01    2.04e-01    1.55e-01    1   9
    4   6   ECS     6.17e-01    6.74e-01    5.53e-01    4.55e-01    3.78e-01    3.13e-01    2.57e-01    2.04e-01    1.55e-01    3   9
    4   7   ECS     6.17e-01    6.74e-01    5.53e-01    4.55e-01    3.78e-01    3.13e-01    2.57e-01    2.04e-01    1.55e-01    5   9
    4   8   ECS     7.92e+00    8.02e+00    8.17e+00    8.42e+00    8.80e+00    9.33e+00    1.00e+01    1.08e+01    1.16e+01    1   1
    4   9   ECS     2.49e+00    2.51e+00    2.55e+00    2.61e+00    2.72e+00    2.87e+00    3.08e+00    3.34e+00    3.67e+00    1   1
    5   6   ECS     3.72e-01    3.54e-01    3.34e-01    3.13e-01    2.89e-01    2.62e-01    2.32e-01    2.00e-01    1.66e-01    1   1
    5   7   ECS     2.11e-01    2.02e-01    1.94e-01    1.85e-01    1.77e-01    1.68e-01    1.60e-01    1.53e-01    1.47e-01    1   1
    5   8   ECS     1.69e+00    1.65e+00    1.58e+00    1.49e+00    1.39e+00    1.25e+00    1.11e+00    9.45e-01    7.78e-01    1   1
    5   9   ECS     1.70e-01    1.69e-01    1.66e-01    1.58e-01    1.47e-01    1.32e-01    1.15e-01    9.63e-02    7.77e-02    1   1
    6   7   ECS     9.38e-01    8.96e-01    8.53e-01    8.07e-01    7.58e-01    7.05e-01    6.50e-01    5.94e-01    5.40e-01    1   1
    6   8   ECS     1.69e+00    1.65e+00    1.58e+00    1.49e+00    1.39e+00    1.25e+00    1.11e+00    9.45e-01    7.78e-01    1   1
    6   9   ECS     1.70e-01    1.69e-01    1.66e-01    1.58e-01    1.47e-01    1.32e-01    1.15e-01    9.63e-02    7.77e-02    1   1
    7   8   ECS     1.69e+00    1.65e+00    1.58e+00    1.49e+00    1.39e+00    1.25e+00    1.11e+00    9.45e-01    7.78e-01    1   1
    7   9   ECS     1.70e-01    1.69e-01    1.66e-01    1.58e-01    1.47e-01    1.32e-01    1.15e-01    9.63e-02    7.77e-02    1   1
    8   9   ECS     3.02e-01    3.03e-01    3.05e-01    3.08e-01    3.13e-01    3.20e-01    3.31e-01    3.45e-01    3.62e-01    1   1
END
#--------------------------------------------------------------------------------------------------
